0 6.25 5.17 0
1 15.3 9.34 0
2 15.86 18.68 0
3 6.99 12.68 0
4 6.45 12.13 0
5 3.07 13.6 0
6 12.88 4.31 0
7 5.24 12.55 0
8 15.38 17.1 0
9 8.97 18.09 0
10 3.96 3.21 0
11 11.68 8.65 0
12 16.16 19.44 0
13 12.09 16.62 0
14 8.16 18.84 0
15 10.23 10.7 0
16 5.05 10.1 0
17 6.81 10.05 0
18 4.29 18.36 0
19 0.57 4.54 0
20 13.36 13.69 0
21 7.83 19.23 0
22 4.34 9.02 0
23 4.73 12.78 0
24 3.3 9.48 0
25 10.13 19.32 0
26 1.76 16.32 0
27 10.62 6.66 0
28 17.86 10.7 0
29 8.31 17.74 0
30 9.52 10.04 0
31 8.19 8.39 0
EOF