0 2.13 14.91 0
1 13.14 6.99 0
2 18.14 6.05 0
3 5.11 14.12 0
4 1.99 7.17 0
5 1.9 19.27 0
6 0.8 13.83 0
7 2.16 5.41 0
8 19.37 9.09 0
9 16.15 6.85 0
10 0.28 4.86 0
11 16.47 7.62 0
12 8.29 5.75 0
13 9.22 9.93 0
14 9.71 9.71 0
15 9.26 0.68 0
16 11.19 19.5 0
17 14.25 1.81 0
18 16.69 5.95 0
19 0.84 1.34 0
20 3.81 8.52 0
21 1.73 12.9 0
22 15.85 16.52 0
23 5.17 18.82 0
24 10.9 17.8 0
25 2.25 5.7 0
26 19.37 19.43 0
27 4.03 1.45 0
28 4.36 19.54 0
29 12.96 15.9 0
30 16.56 13.07 0
31 19.94 10.09 0
32 12.35 3.69 0
33 7.6 3.31 0
EOF