0 18.23 16.53 0
1 3.26 16.15 0
2 4.25 14.07 0
3 19.9 9.67 0
4 19.41 4.68 0
5 0.34 1.33 0
6 19.94 15.34 0
7 3.42 8.0 0
8 19.3 17.81 0
9 14.78 3.16 0
10 0.92 17.2 0
11 9.53 4.36 0
12 7.1 13.46 0
13 6.45 15.28 0
14 19.36 7.13 0
15 13.69 12.6 0
16 7.32 11.06 0
17 6.56 7.56 0
18 18.18 13.09 0
19 13.18 6.01 0
20 15.35 7.67 0
21 6.83 12.32 0
22 12.91 4.1 0
23 0.67 3.23 0
24 19.79 10.53 0
25 0.02 19.94 0
26 10.35 1.56 0
27 18.29 15.41 0
28 15.55 14.83 0
29 18.11 12.55 0
30 18.96 0.67 0
31 8.72 4.67 0
32 17.72 6.01 0
33 5.35 14.31 0
34 16.35 11.1 0
35 2.49 18.49 0
EOF