0 14.33 8.22 0
1 7.57 13.17 0
2 16.08 8.28 0
3 19.35 3.09 0
4 12.88 18.02 0
5 17.93 15.37 0
6 17.15 4.71 0
7 3.15 11.87 0
8 11.06 19.24 0
9 10.12 16.34 0
10 0.87 3.88 0
11 10.61 15.62 0
12 18.1 4.5 0
13 15.6 3.23 0
14 5.35 16.45 0
15 17.53 9.51 0
16 9.02 18.18 0
17 16.34 9.99 0
18 3.07 18.21 0
19 3.7 19.04 0
20 0.6 16.84 0
21 16.5 16.09 0
22 18.82 0.8 0
23 2.56 17.42 0
24 9.57 3.81 0
25 4.05 4.01 0
26 10.6 5.08 0
27 1.25 6.26 0
28 15.78 1.92 0
29 10.97 16.33 0
30 3.65 16.18 0
31 12.24 16.72 0
32 1.47 16.3 0
33 6.9 12.93 0
34 12.87 13.51 0
35 16.31 16.87 0
36 13.61 17.83 0
37 5.24 6.24 0
EOF