0 12.79 12.19 0
1 4.51 8.87 0
2 5.88 2.31 0
3 9.41 10.2 0
4 4.27 10.65 0
5 16.74 18.1 0
6 13.7 13.8 0
7 3.78 8.8 0
8 15.47 1.53 0
9 18.2 2.56 0
10 18.65 17.05 0
11 4.37 9.78 0
12 18.2 0.22 0
13 11.02 1.61 0
14 8.77 7.62 0
15 10.68 10.43 0
16 19.41 9.74 0
17 11.19 7.51 0
18 18.84 17.43 0
19 19.16 14.32 0
20 15.17 6.28 0
21 2.08 19.09 0
22 19.85 15.13 0
23 13.41 7.77 0
24 10.54 6.82 0
25 17.13 5.81 0
26 3.25 6.38 0
27 14.86 3.66 0
28 14.98 6.48 0
29 11.91 5.02 0
30 10.01 16.81 0
31 12.57 0.83 0
32 11.31 3.03 0
33 7.01 14.47 0
34 16.82 18.8 0
35 17.19 13.12 0
36 7.85 4.09 0
37 12.45 3.96 0
EOF