0 19.06 3.88
1 4.81 10.31
2 8.17 19.93
3 9.8 1.17
4 3.84 13.37
5 11.48 3.2
6 19.51 6.67
7 8.87 8.39
8 8.96 16.9
9 0.23 10.39
10 2.96 18.96
11 14.98 17.97
12 8.79 11.0
13 7.63 13.21
14 19.05 3.47
15 17.32 2.58
16 19.39 15.63
17 6.13 1.25
18 18.93 3.15
19 9.3 16.13
20 17.72 14.34
21 19.88 0.97
22 3.33 10.16
23 9.64 13.51
24 5.55 11.58
25 18.76 10.22
26 5.74 3.31
27 19.72 5.13
28 9.52 16.62
29 11.46 16.75
30 15.22 18.78
31 18.79 0.66
32 14.48 13.9
33 1.41 11.41
34 8.26 0.26
35 3.04 0.61
36 19.15 3.76
37 4.26 6.49
