0 3.29 3.53
1 2.52 14.19
2 0.94 7.27
3 6.42 4.09
4 19.17 11.45
5 2.69 16.36
6 19.02 16.32
7 10.37 11.99
8 11.28 0.44
9 19.27 15.81
10 13.61 2.61
11 14.73 13.04
12 4.92 13.96
13 17.3 1.5
14 15.22 15.65
15 15.88 15.22
16 16.25 2.18
17 8.34 13.26
18 5.56 4.63
19 8.95 18.31
20 8.8 11.3
21 18.46 17.22
22 12.49 2.88
23 9.16 3.49
24 14.25 4.13
25 5.9 9.26
26 2.28 18.9
27 8.58 0.63
28 9.24 12.91
29 8.82 0.63
30 17.55 17.6
31 17.15 11.2
32 18.49 16.52
33 17.74 15.97
34 8.2 15.52
35 1.04 1.13
36 18.84 5.06
37 9.99 3.62
