0 13.89 1.88
1 3.6 11.04
2 14.58 17.6
3 2.56 0.84
4 16.59 19.19
5 6.46 12.37
6 11.89 8.66
7 14.85 18.63
8 19.82 7.53
9 19.48 12.53
10 3.92 12.75
11 12.77 4.7
12 0.49 13.05
13 9.41 10.56
14 9.34 5.96
15 11.38 4.95
16 1.48 3.44
17 4.02 11.91
18 0.43 17.22
19 13.48 11.31
20 6.0 5.5
21 2.71 9.22
22 18.86 16.22
23 13.29 1.1
24 15.59 2.78
25 5.54 5.69
26 12.08 7.97
27 11.01 10.98
28 9.12 9.97
29 0.92 8.46
30 7.15 2.74
31 10.3 2.61
32 14.38 12.86
33 4.63 17.28
34 6.74 19.0
35 0.39 1.29
36 1.71 3.75
37 15.6 15.17
