0 16.18 2.61
1 10.05 3.75
2 17.27 9.88
3 13.99 2.51
4 16.64 14.07
5 10.55 15.64
6 0.33 2.51
7 0.71 9.08
8 3.38 12.3
9 15.8 15.59
10 6.53 16.84
11 6.36 6.45
12 19.15 8.07
13 16.11 16.8
14 14.9 4.59
15 6.04 16.84
16 3.13 2.08
17 1.66 14.95
18 2.54 19.31
19 2.52 4.03
20 14.47 16.74
21 13.0 13.84
22 3.07 4.96
23 10.68 15.99
24 6.49 6.31
25 5.17 8.15
26 15.06 4.92
27 14.42 6.32
28 2.17 5.83
29 0.04 7.61
30 19.06 4.65
31 8.33 7.66
32 11.12 17.33
33 5.97 18.33
34 2.55 8.96
35 10.88 0.63
36 4.2 1.4
37 8.69 12.97
38 2.72 14.09
39 17.79 9.72
