0 19.32 18.02
1 9.33 1.8
2 19.58 16.79
3 15.29 0.15
4 6.66 13.62
5 18.03 5.33
6 0.35 14.23
7 0.95 4.02
8 11.42 4.25
9 8.56 3.62
10 3.54 5.01
11 2.21 18.27
12 3.23 12.77
13 2.17 10.81
14 14.15 13.35
15 1.73 10.02
16 8.75 9.36
17 14.71 16.78
18 14.47 19.33
19 1.96 3.21
20 10.49 0.93
21 9.15 3.85
22 13.43 8.37
23 6.04 6.79
24 9.6 9.23
25 17.15 4.68
26 4.0 5.97
27 7.11 18.7
28 6.07 19.83
29 9.21 3.41
30 19.69 0.95
31 16.79 15.64
32 19.29 12.64
33 12.0 15.2
34 0.33 19.24
35 13.88 2.51
36 12.66 15.3
37 19.94 19.45
38 17.87 1.95
39 19.94 15.25
