0 10.23 11.19 0
1 2.63 7.59 0
2 12.31 2.7 0
3 13.81 8.92 0
4 15.51 8.78 0
5 1.54 12.49 0
6 19.79 4.3 0
7 9.62 12.86 0
8 17.39 7.74 0
9 4.06 3.46 0
10 0.97 8.9 0
11 3.47 10.04 0
12 5.52 10.67 0
13 16.47 9.44 0
14 14.29 19.25 0
15 19.02 17.59 0
16 10.29 12.35 0
17 18.44 3.32 0
18 16.45 18.16 0
19 12.65 5.41 0
20 8.93 15.81 0
21 8.9 4.14 0
22 12.12 13.96 0
23 18.52 18.44 0
24 11.99 1.5 0
25 15.55 0.89 0
26 2.85 16.64 0
27 16.09 8.93 0
28 17.54 15.25 0
29 5.38 10.72 0
30 15.14 12.4 0
31 4.94 6.78 0
32 4.63 16.26 0
33 2.91 6.27 0
34 17.41 10.68 0
35 10.8 3.2 0
36 0.5 14.99 0
37 18.22 8.61 0
38 15.39 4.91 0
39 15.17 5.11 0
EOF