0 0.01 11.31
1 2.36 15.41
2 4.64 11.3
3 9.64 9.81
4 2.67 2.58
5 9.35 17.08
6 17.92 5.17
7 6.38 6.05
8 11.06 10.83
9 9.17 8.23
10 15.39 19.88
11 7.17 0.64
12 14.79 11.32
13 9.98 18.96
14 18.42 1.21
15 8.85 12.15
16 9.29 13.05
17 1.84 10.42
18 14.6 18.15
19 8.47 16.16
20 9.0 5.72
21 10.29 8.15
22 9.53 0.13
23 5.75 17.2
24 2.76 3.56
25 9.2 0.56
26 19.98 16.12
27 7.5 13.22
28 18.83 4.54
29 8.65 17.77
30 9.07 13.03
31 15.1 7.06
32 5.3 14.81
33 0.48 7.66
34 0.12 13.18
35 13.53 19.73
36 17.81 2.91
37 10.42 1.79
38 9.18 11.0
39 15.12 1.7
