0 8.79 1.8
1 6.37 14.99
2 11.9 0.78
3 6.28 15.05
4 18.11 15.93
5 6.73 1.12
6 4.76 2.18
7 7.2 18.61
8 8.37 12.83
9 5.47 1.18
10 17.21 13.97
11 0.74 4.35
12 10.59 3.32
13 8.04 0.87
14 16.56 11.89
15 2.33 1.2
16 16.69 11.6
17 6.7 1.51
18 9.1 5.12
19 0.29 2.49
20 6.76 5.83
21 15.26 18.83
22 11.03 18.0
23 17.23 5.23
24 10.65 11.95
25 13.56 0.02
26 14.65 10.11
27 13.79 4.33
28 17.12 16.23
29 4.71 8.76
30 3.05 11.6
31 17.07 1.7
32 18.53 4.55
33 11.62 15.32
34 6.16 9.62
35 5.63 18.41
36 6.68 0.25
37 4.4 4.87
38 3.56 2.83
39 8.05 5.25
