0 17.21 12.32 0
1 6.08 2.33 0
2 2.5 14.21 0
3 2.3 6.07 0
4 10.81 1.35 0
5 19.53 11.49 0
6 14.56 12.12 0
7 14.35 18.18 0
8 17.29 5.8 0
9 5.24 15.75 0
10 6.01 9.92 0
11 2.33 16.07 0
12 7.42 1.56 0
13 14.4 9.49 0
14 15.37 3.99 0
15 0.85 13.13 0
16 6.08 17.45 0
17 19.85 4.55 0
18 17.47 3.75 0
19 1.98 19.32 0
20 12.27 8.9 0
21 10.72 5.01 0
22 15.86 2.39 0
23 12.16 6.26 0
24 10.42 11.75 0
25 1.12 17.89 0
26 3.13 4.48 0
27 11.79 4.51 0
28 1.12 13.18 0
29 10.72 17.72 0
30 2.1 18.33 0
31 15.55 7.47 0
EOF