0 16.06 6.15 0
1 19.7 13.34 0
2 19.11 14.12 0
3 10.76 2.51 0
4 0.08 11.4 0
5 7.19 8.65 0
6 5.5 3.29 0
7 9.32 18.58 0
8 0.43 19.82 0
9 9.76 1.02 0
10 13.0 4.0 0
11 15.95 9.72 0
12 5.59 10.56 0
13 16.85 17.45 0
14 9.3 8.76 0
15 8.37 9.27 0
16 13.53 14.63 0
17 11.1 9.42 0
18 7.91 4.22 0
19 10.15 6.62 0
20 3.62 12.13 0
21 14.75 2.48 0
22 13.89 2.88 0
23 4.56 14.18 0
24 2.23 1.79 0
25 12.91 4.93 0
26 18.47 16.45 0
27 15.23 5.29 0
28 13.66 7.13 0
29 2.29 15.52 0
30 8.72 6.12 0
31 4.42 14.76 0
32 13.63 0.17 0
33 10.04 5.19 0
EOF