0 16.04 3.17 0
1 11.6 11.51 0
2 6.6 8.38 0
3 11.53 10.94 0
4 18.92 13.91 0
5 4.9 17.23 0
6 15.12 3.88 0
7 10.35 4.26 0
8 9.89 3.41 0
9 11.58 1.18 0
10 19.41 19.75 0
11 16.6 4.52 0
12 19.0 0.99 0
13 1.9 4.32 0
14 17.48 18.99 0
15 5.52 2.99 0
16 16.53 5.66 0
17 2.58 14.28 0
18 2.26 16.19 0
19 2.03 14.52 0
20 18.49 18.22 0
21 7.25 14.49 0
22 0.88 17.53 0
23 2.19 17.18 0
24 8.94 11.54 0
25 7.55 5.52 0
26 0.2 16.54 0
27 12.19 7.64 0
28 2.01 5.51 0
29 15.95 18.06 0
30 2.78 16.98 0
31 10.45 15.48 0
32 8.41 5.51 0
33 18.45 10.24 0
EOF