0 6.84 5.23 0
1 14.91 1.19 0
2 16.85 10.21 0
3 19.9 18.29 0
4 12.27 18.45 0
5 7.6 5.62 0
6 11.37 16.46 0
7 19.67 14.38 0
8 0.14 2.77 0
9 13.18 4.4 0
10 9.16 7.4 0
11 2.03 6.53 0
12 8.44 9.48 0
13 8.74 14.12 0
14 16.53 1.73 0
15 14.59 18.68 0
16 11.31 5.93 0
17 10.78 15.51 0
18 16.74 1.48 0
19 8.54 10.54 0
20 2.55 15.73 0
21 9.03 17.17 0
22 0.87 19.93 0
23 4.29 16.28 0
24 17.93 18.84 0
25 0.27 13.05 0
26 13.66 17.59 0
27 6.35 12.07 0
28 14.74 3.93 0
29 11.06 16.17 0
30 4.76 19.36 0
31 5.32 14.96 0
32 4.69 17.49 0
33 18.09 15.63 0
EOF