0 18.15 16.05 0
1 1.84 2.41 0
2 12.86 6.7 0
3 2.71 5.56 0
4 15.86 2.99 0
5 9.33 10.65 0
6 6.21 3.65 0
7 8.68 13.13 0
8 6.28 2.11 0
9 7.44 2.5 0
10 15.53 16.91 0
11 9.55 0.03 0
12 4.83 3.95 0
13 2.86 0.03 0
14 3.64 13.12 0
15 17.25 2.64 0
16 15.41 6.24 0
17 10.71 3.83 0
18 13.35 5.14 0
19 13.67 12.41 0
20 10.4 5.95 0
21 19.82 7.83 0
22 3.03 6.8 0
23 4.03 14.18 0
24 15.31 2.28 0
25 8.95 3.91 0
26 1.34 12.16 0
27 4.65 14.91 0
28 4.21 6.42 0
29 2.49 12.9 0
30 4.61 19.65 0
31 17.89 16.57 0
32 0.79 14.71 0
33 16.7 8.48 0
34 19.25 10.52 0
35 15.49 7.07 0
EOF