0 7.55 18.8 0
1 15.63 3.25 0
2 6.94 15.87 0
3 5.99 3.9 0
4 9.47 16.51 0
5 6.38 3.6 0
6 1.2 1.55 0
7 15.67 11.49 0
8 3.17 8.91 0
9 12.24 5.72 0
10 11.92 7.09 0
11 8.75 16.22 0
12 16.87 19.01 0
13 1.49 4.61 0
14 12.19 9.99 0
15 15.7 9.96 0
16 16.69 2.17 0
17 18.35 5.65 0
18 14.82 13.03 0
19 15.59 2.64 0
20 4.1 1.99 0
21 0.27 6.19 0
22 19.96 18.93 0
23 1.05 2.54 0
24 2.7 10.16 0
25 4.77 14.02 0
26 9.72 4.62 0
27 10.85 7.58 0
28 4.23 18.15 0
29 9.79 5.1 0
30 12.49 2.34 0
31 4.31 4.42 0
32 2.29 3.54 0
33 7.84 7.58 0
34 16.74 0.49 0
35 8.51 13.88 0
EOF