0 13.35 0.2 0
1 16.96 6.46 0
2 13.66 11.09 0
3 9.82 17.72 0
4 14.18 0.38 0
5 13.07 6.12 0
6 18.78 12.86 0
7 1.18 15.15 0
8 2.66 0.61 0
9 15.54 17.34 0
10 15.9 14.63 0
11 3.49 1.85 0
12 9.6 18.47 0
13 9.84 16.55 0
14 0.16 2.71 0
15 15.42 18.81 0
16 8.22 8.98 0
17 8.94 5.1 0
18 15.18 16.82 0
19 16.63 14.27 0
20 11.64 18.66 0
21 9.57 14.03 0
22 13.93 11.94 0
23 6.17 10.45 0
24 16.69 11.61 0
25 8.36 11.03 0
26 18.74 0.17 0
27 9.46 4.12 0
28 5.65 5.68 0
29 8.66 7.92 0
30 13.26 1.31 0
31 18.02 15.76 0
32 15.13 14.68 0
33 12.65 5.91 0
34 16.04 0.91 0
35 4.4 19.08 0
EOF