0 13.89 1.88 0
1 3.6 11.04 0
2 14.58 17.6 0
3 2.56 0.84 0
4 16.59 19.19 0
5 6.46 12.37 0
6 11.89 8.66 0
7 14.85 18.63 0
8 19.82 7.53 0
9 19.48 12.53 0
10 3.92 12.75 0
11 12.77 4.7 0
12 0.49 13.05 0
13 9.41 10.56 0
14 9.34 5.96 0
15 11.38 4.95 0
16 1.48 3.44 0
17 4.02 11.91 0
18 0.43 17.22 0
19 13.48 11.31 0
20 6.0 5.5 0
21 2.71 9.22 0
22 18.86 16.22 0
23 13.29 1.1 0
24 15.59 2.78 0
25 5.54 5.69 0
26 12.08 7.97 0
27 11.01 10.98 0
28 9.12 9.97 0
29 0.92 8.46 0
30 7.15 2.74 0
31 10.3 2.61 0
32 14.38 12.86 0
33 4.63 17.28 0
34 6.74 19.0 0
35 0.39 1.29 0
36 1.71 3.75 0
37 15.6 15.17 0
EOF