0 16.18 2.61 0
1 10.05 3.75 0
2 17.27 9.88 0
3 13.99 2.51 0
4 16.64 14.07 0
5 10.55 15.64 0
6 0.33 2.51 0
7 0.71 9.08 0
8 3.38 12.3 0
9 15.8 15.59 0
10 6.53 16.84 0
11 6.36 6.45 0
12 19.15 8.07 0
13 16.11 16.8 0
14 14.9 4.59 0
15 6.04 16.84 0
16 3.13 2.08 0
17 1.66 14.95 0
18 2.54 19.31 0
19 2.52 4.03 0
20 14.47 16.74 0
21 13.0 13.84 0
22 3.07 4.96 0
23 10.68 15.99 0
24 6.49 6.31 0
25 5.17 8.15 0
26 15.06 4.92 0
27 14.42 6.32 0
28 2.17 5.83 0
29 0.04 7.61 0
30 19.06 4.65 0
31 8.33 7.66 0
32 11.12 17.33 0
33 5.97 18.33 0
34 2.55 8.96 0
35 10.88 0.63 0
36 4.2 1.4 0
37 8.69 12.97 0
38 2.72 14.09 0
39 17.79 9.72 0
EOF