0 19.32 18.02 0
1 9.33 1.8 0
2 19.58 16.79 0
3 15.29 0.15 0
4 6.66 13.62 0
5 18.03 5.33 0
6 0.35 14.23 0
7 0.95 4.02 0
8 11.42 4.25 0
9 8.56 3.62 0
10 3.54 5.01 0
11 2.21 18.27 0
12 3.23 12.77 0
13 2.17 10.81 0
14 14.15 13.35 0
15 1.73 10.02 0
16 8.75 9.36 0
17 14.71 16.78 0
18 14.47 19.33 0
19 1.96 3.21 0
20 10.49 0.93 0
21 9.15 3.85 0
22 13.43 8.37 0
23 6.04 6.79 0
24 9.6 9.23 0
25 17.15 4.68 0
26 4.0 5.97 0
27 7.11 18.7 0
28 6.07 19.83 0
29 9.21 3.41 0
30 19.69 0.95 0
31 16.79 15.64 0
32 19.29 12.64 0
33 12.0 15.2 0
34 0.33 19.24 0
35 13.88 2.51 0
36 12.66 15.3 0
37 19.94 19.45 0
38 17.87 1.95 0
39 19.94 15.25 0
EOF