0 18.53 1.27 0
1 7.48 11.69 0
2 10.87 11.76 0
3 3.61 16.12 0
4 14.61 9.0 0
5 10.3 5.14 0
6 2.7 17.82 0
7 10.01 7.65 0
8 18.18 12.19 0
9 15.18 3.0 0
10 13.66 14.91 0
11 12.2 12.98 0
12 12.65 19.96 0
13 18.5 11.4 0
14 19.15 9.96 0
15 4.75 7.16 0
16 1.23 18.34 0
17 6.67 6.85 0
18 17.25 3.21 0
19 1.9 13.13 0
20 17.09 19.85 0
21 16.99 1.66 0
22 12.46 8.16 0
23 1.28 0.6 0
24 15.33 3.62 0
25 19.09 10.16 0
26 8.05 18.15 0
27 14.29 17.69 0
28 1.78 19.19 0
29 8.75 1.6 0
30 9.65 15.03 0
31 1.05 11.47 0
32 12.75 17.32 0
33 1.12 1.82 0
EOF