0 10.14 18.7 0
1 1.25 6.37 0
2 19.05 6.63 0
3 16.02 19.04 0
4 0.66 11.0 0
5 2.45 11.49 0
6 11.97 13.42 0
7 3.53 5.22 0
8 6.06 11.77 0
9 1.5 16.66 0
10 17.0 12.5 0
11 7.3 19.8 0
12 16.45 16.33 0
13 3.73 5.47 0
14 11.75 16.97 0
15 5.99 18.82 0
16 5.55 18.91 0
17 1.12 5.72 0
18 17.45 10.41 0
19 4.08 3.28 0
20 1.03 8.44 0
21 17.39 0.13 0
22 14.92 9.41 0
23 13.68 18.31 0
24 1.13 10.44 0
25 14.23 5.28 0
26 16.24 11.81 0
27 16.59 12.92 0
28 5.33 13.06 0
29 15.97 7.85 0
30 4.68 6.66 0
31 3.57 8.91 0
32 5.08 3.93 0
33 5.15 6.25 0
34 7.77 12.96 0
35 3.39 14.88 0
EOF