0 19.06 3.88 0
1 4.81 10.31 0
2 8.17 19.93 0
3 9.8 1.17 0
4 3.84 13.37 0
5 11.48 3.2 0
6 19.51 6.67 0
7 8.87 8.39 0
8 8.96 16.9 0
9 0.23 10.39 0
10 2.96 18.96 0
11 14.98 17.97 0
12 8.79 11.0 0
13 7.63 13.21 0
14 19.05 3.47 0
15 17.32 2.58 0
16 19.39 15.63 0
17 6.13 1.25 0
18 18.93 3.15 0
19 9.3 16.13 0
20 17.72 14.34 0
21 19.88 0.97 0
22 3.33 10.16 0
23 9.64 13.51 0
24 5.55 11.58 0
25 18.76 10.22 0
26 5.74 3.31 0
27 19.72 5.13 0
28 9.52 16.62 0
29 11.46 16.75 0
30 15.22 18.78 0
31 18.79 0.66 0
32 14.48 13.9 0
33 1.41 11.41 0
34 8.26 0.26 0
35 3.04 0.61 0
36 19.15 3.76 0
37 4.26 6.49 0
EOF