0 3.29 3.53 0
1 2.52 14.19 0
2 0.94 7.27 0
3 6.42 4.09 0
4 19.17 11.45 0
5 2.69 16.36 0
6 19.02 16.32 0
7 10.37 11.99 0
8 11.28 0.44 0
9 19.27 15.81 0
10 13.61 2.61 0
11 14.73 13.04 0
12 4.92 13.96 0
13 17.3 1.5 0
14 15.22 15.65 0
15 15.88 15.22 0
16 16.25 2.18 0
17 8.34 13.26 0
18 5.56 4.63 0
19 8.95 18.31 0
20 8.8 11.3 0
21 18.46 17.22 0
22 12.49 2.88 0
23 9.16 3.49 0
24 14.25 4.13 0
25 5.9 9.26 0
26 2.28 18.9 0
27 8.58 0.63 0
28 9.24 12.91 0
29 8.82 0.63 0
30 17.55 17.6 0
31 17.15 11.2 0
32 18.49 16.52 0
33 17.74 15.97 0
34 8.2 15.52 0
35 1.04 1.13 0
36 18.84 5.06 0
37 9.99 3.62 0
EOF